  -5.1100000746373553E-006
  0.24959003925323486     
   2.3299999156733975E-006
   3.5000000480067683E-006
  0.50000000000000000     
  -3.2000000373955118E-006
  0.24959293007850647     
   4.8999999080479029E-007
  -1.3449999642034527E-005
   1.9100000372418435E-006
   2.2199999420990935E-006
  0.50000000000000000     
  -4.0800000533636194E-006
  0.24959160387516022     
   2.3999999143597961E-007
  -1.4049999663257040E-005
   2.1999999262334313E-006
   3.9100000321923289E-006
   1.0100000054080738E-006
   2.8100000690756133E-006
  0.50000000000000000     
  -4.0400000216322951E-006
  0.24959164857864380     
   1.1999999571798980E-007
  -1.1590000212891027E-005
   1.8499999896448571E-006
   3.1399999897985253E-006
   7.4000001859531039E-007
  -3.2600000849924982E-006
   4.7999998287195922E-007
   2.0899999526591273E-006
   1.8999999440438842E-007
  -3.7699999211326940E-006
   2.0000000233721948E-007
   2.4799999209790258E-006
   9.0000000341206032E-008
   2.7900000532099511E-006
   0.0000000000000000     
