  0.97176098823547363     
  0.76886677742004395     
  0.25484430789947510     
  0.25651350617408752     
  0.50000000000000000     
   1.0837119817733765     
   1.1357499361038208     
  0.80822759866714478     
  0.41719675064086914     
  0.11964842677116394     
   5.6570224463939667E-002
  0.50000000000000000     
   1.1098817586898804     
   1.2215126752853394     
  0.97970575094223022     
  0.64927077293395996     
  0.35304120182991028     
  0.15039359033107758     
   3.8057871162891388E-002
  -6.7164748907089233E-003
  0.50000000000000000     
   1.1072618961334229     
   1.2129268646240234     
  0.97185206413269043     
  0.65647065639495850     
  0.38785430788993835     
  0.20912723243236542     
  0.10391103476285934     
   4.8706304281949997E-002
   2.1586634218692780E-002
   9.1878026723861694E-003
   3.7409742362797260E-003
   1.4593751402571797E-003
   5.2577059250324965E-004
   1.6329744539689273E-004
   3.3829655876616016E-005
  -8.4717356685359846E-007
   0.0000000000000000     
