   8.7129726307466626E-004
  0.25000032782554626     
   1.8435342644806951E-004
   2.8524747008873419E-008
  0.50000000000000000     
   8.7130564497783780E-004
  0.25000032782554626     
   1.8426697351969779E-004
  -1.3777953711269220E-007
   1.7801231422254205E-007
   2.2948862365979039E-008
  0.50000000000000000     
   8.7142444681376219E-004
  0.25000053644180298     
   1.8422654829919338E-004
  -5.1120771615842386E-008
   8.6534939214288897E-008
  -5.4482381983689265E-007
   4.2264751698439795E-008
  -5.6276718396475189E-008
  0.50000000000000000     
   8.7147078011184931E-004
  0.25000059604644775     
   1.8421586719341576E-004
   2.3473751298297429E-007
   3.8856700967926372E-008
  -1.0130079175496576E-007
   8.8264853204123028E-009
  -2.8763231796347100E-008
   2.9407456025865031E-008
  -1.8588568195809785E-007
   1.5214768112059573E-008
  -4.0229565456684213E-007
   3.4037408447318285E-009
  -6.4177714875768288E-007
   1.8761346254336786E-008
  -8.7221060596220923E-008
   0.0000000000000000     
